
psnr_orgin :[24.35847002730839, 26.43343886845158, 21.306973997008324, 26.8622938520248, 25.10418330982152, 23.25891981460611, 30.81663967546035, 22.734591498750696, 22.950749862127434, 26.67121584555744, 21.75793006191074, 30.123160114223925, 25.331232214364313, 27.808971893515483, 27.164378076990886]
ssim_orgin :[0.9176517521225994, 0.9378619589489648, 0.8441670330308965, 0.9300432712076567, 0.9242349164845313, 0.8085432742760164, 0.9542046345584249, 0.8164560318501931, 0.921511087130502, 0.8943181878817966, 0.8083009713107835, 0.9572160261030583, 0.8996445172652673, 0.9281059598490855, 0.914458386819098]
psnr_orgin_avg:25.512209940808134
ssim_orgin_avg:0.8971145339225918