
psnr_orgin :[25.193729727374688, 21.327643981752797, 20.72643428269445, 25.786591920389274, 22.95259897051512, 22.504473381565056, 27.1975146614766, 22.605324771658204, 22.91761656492719, 25.446835724601303, 24.4913104599202, 24.566416451686074, 26.11732934190428, 28.171683671313346, 28.841104306619417]
ssim_orgin :[0.7700101159064315, 0.7067979643915239, 0.7532617899954523, 0.8570611005869878, 0.8604537076955987, 0.6802363999321198, 0.8558384104100775, 0.7502395767761549, 0.8655361391012146, 0.8796397636931056, 0.8632947414802409, 0.8203868069273622, 0.8589889795749771, 0.9077066547735629, 0.895832359142218]
psnr_orgin_avg:24.589773881226527
ssim_orgin_avg:0.8216856340258019