
psnr_orgin :[27.752850662753723, 21.0472681861186, 22.132748539026444, 27.650957826588684, 23.5972271420713, 23.200185032375842, 26.39347111236052, 23.36599957062877, 23.04366219857034, 24.733751063134942, 25.403058300026167, 25.270133011350797, 27.192750123310255, 29.568983865968924, 31.234086133799938]
ssim_orgin :[0.8283075882075782, 0.7906597920732377, 0.889291943369214, 0.9004480444839773, 0.9235887678592704, 0.7920076149679589, 0.8692447067580552, 0.915861487881661, 0.9158975011995664, 0.910646416967332, 0.9087830513689704, 0.8616178970291969, 0.9132621573364913, 0.9342670465306614, 0.9221876437273248]
psnr_orgin_avg:25.43914218453902
ssim_orgin_avg:0.8850714439840331